Multiple size <= 100
TEST 1 ARG:65 92 27 98 2 12 94 36 72 17 29 46 8 91 84 14 20 51 70 49 25 93 39 80 59 32 78 79 7 61 87 75 37 6 58 74 47 83 66 41 13 48 42 1 97 55 77 64 38 73 81 0 21 71 86 9 40 3 23 43 50 95 15 45 10 90 76 82 60 22 99 67 5 57 52 53 35 62 28 44 68 26 88 11 56 85 89 4 18 33 31 54 34 69 16 96 63 24 19 30
TEST 2 ARG:43 16 20 22 31 81 93 47 68 36 48 7 11 71 70 64 83 63 66 42 15 95 99 60 9 67 78 0 73 72 40 62 25 6 29 8 61 55 28 4 92 37 59 17 45 44 27 46 85 10 79 38 57 24 74 90 1 96 88 69 58 12 18 53 89 13 2 75 14 26 32 50 34 87 65 54 76 30 19 51 21 41 5 77 33 56 80 86 49 52 97 91 82 3 94 35 39 84 98 23
TEST 3 ARG:59 31 26 99 74 97 78 5 84 82 3 57 55 58 63 9 77 61 27 35 86 37 36 30 22 12 7 44 46 52 96 69 17 19 72 90 64 67 16 92 81 20 66 94 76 51 34 91 65 87 18 53 2 60 48 11 83 38 47 89 21 15 28 54 43 50 23 14 71 40 62 0 10 13 85 25 29 45 1 80 41 6 95 75 33 68 70 98 42 56 4 39 88 49 8 24 73 79 93 32
TEST 4 ARG:97 69 18 38 12 39 19 83 26 88 3 56 92 31 43 99 34 71 50 74 40 98 10 70 67 8 6 86 85 49 82 48 89 58 33 41 20 79 27 28 61 21 76 14 60 35 53 66 77 75 37 23 96 65 73 45 25 4 11 55 57 13 84 81 0 16 80 68 46 72 30 36 51 93 64 87 44 52 32 7 54 2 63 47 91 90 59 95 24 15 62 17 5 29 9 42 78 94 22 1
TEST 5 ARG:2 4 71 38 83 11 67 97 77 17 8 22 65 18 31 33 54 24 26 74 21 69 64 76 87 96 43 49 27 68 90 58 86 75 62 61 7 99 50 41 94 12 9 13 53 84 30 39 37 95 16 51 52 92 78 23 82 6 88 72 89 36 98 93 60 5 57 34 47 32 56 46 85 15 63 0 42 48 80 79 40 28 70 91 73 45 66 10 81 19 25 14 29 35 55 3 20 44 59 1
TEST 6 ARG:89 51 27 41 35 64 38 87 74 78 15 10 44 34 57 61 26 31 93 13 75 46 28 25 7 71 22 49 47 6 45 67 19 73 59 79 20 92 3 24 70 17 56 69 72 52 29 43 99 82 21 77 85 30 98 65 37 42 76 23 2 55 94 62 50 60 81 68 4 9 84 12 40 63 95 86 48 5 88 80 96 1 58 11 53 90 0 14 32 33 16 18 39 97 8 36 54 66 91 83
TEST 7 ARG:66 55 54 56 9 65 0 68 14 77 92 48 95 17 4 97 22 61 49 98 30 29 44 16 50 8 63 46 35 15 3 36 94 91 6 43 70 78 86 62 24 99 74 41 25 69 76 26 40 87 45 18 5 72 28 1 20 11 23 59 12 75 2 57 31 42 73 90 60 32 84 38 27 67 89 81 21 93 33 13 51 80 96 88 79 7 10 83 53 39 52 64 58 85 34 82 37 19 47 71
TEST 8 ARG:56 28 10 91 17 96 40 71 48 60 51 7 69 79 9 5 89 88 3 23 42 14 34 58 92 93 6 31 97 70 8 1 84 61 32 78 94 50 65 73 35 83 44 45 20 59 74 80 0 52 77 12 57 62 86 16 64 27 29 36 81 82 75 55 30 11 19 99 39 38 37 76 90 13 98 26 66 21 49 85 67 43 18 72 33 53 24 2 95 22 41 54 87 4 63 15 68 25 47 46
TEST 9 ARG:50 36 25 86 66 59 74 13 31 21 79 28 19 89 71 24 80 41 3 23 72 47 97 67 4 6 62 8 17 98 77 10 81 7 2 40 20 84 70 90 39 49 26 68 53 94 75 95 93 82 37 48 14 55 60 35 29 88 11 54 87 51 63 73 43 76 91 99 69 85 45 58 32 83 5 78 15 56 12 27 18 52 61 1 57 65 34 16 44 22 38 96 9 46 92 64 30 42 0 33
TEST 10 ARG:85 14 9 97 67 47 84 50 24 53 5 6 44 4 12 33 7 11 83 60 37 82 98 25 13 72 43 20 63 78 34 8 65 88 45 70 49 77 58 2 94 57 38 42 27 3 52 22 28 41 75 55 21 79 76 74 71 17 64 89 62 26 54 91 90 56 32 15 30 87 0 95 36 1 93 69 59 35 92 51 61 73 86 19 96 40 80 10 39 18 81 16 99 68 46 31 29 23 66 48
TEST 11 ARG:86 61 50 93 78 12 85 67 37 46 58 39 73 43 14 70 79 6 56 65 18 1 16 82 89 99 62 72 31 13 87 8 84 30 36 33 28 68 57 3 48 25 0 9 5 38 2 51 20 34 27 69 54 26 75 76 80 63 91 29 88 53 96 47 59 22 55 32 74 92 90 4 17 11 66 42 21 95 40 83 71 77 52 15 41 97 45 19 10 23 94 60 7 49 81 98 24 35 64 44
TEST 12 ARG:70 39 19 20 83 33 47 60 74 59 17 16 75 13 24 42 21 38 26 53 0 64 50 84 40 32 44 76 77 4 94 66 51 23 7 87 57 72 67 25 1 73 43 68 46 90 18 88 31 92 22 69 9 85 49 65 97 54 10 34 62 86 55 61 95 2 11 99 28 45 80 37 14 36 96 27 52 29 15 3 35 58 48 8 41 81 89 30 98 6 93 12 78 91 71 5 82 56 63 79
TEST 13 ARG:75 72 46 17 52 82 77 29 31 10 19 18 20 88 91 61 30 1 90 34 11 96 16 35 0 85 54 45 42 32 69 66 56 65 79 92 28 12 40 97 8 84 41 21 33 43 78 39 99 47 27 94 81 9 53 7 3 44 24 38 48 55 64 6 93 25 87 59 71 60 51 49 22 14 26 23 63 4 98 37 5 80 57 95 89 86 74 83 50 58 67 13 68 62 36 73 2 15 70 76
TEST 14 ARG:38 12 31 79 90 43 35 50 62 42 71 84 89 82 54 65 48 74 29 53 99 32 59 64 70 52 44 78 21 51 7 94 63 61 56 23 49 11 58 28 45 39 17 19 75 2 16 18 80 24 85 87 3 46 95 8 40 68 25 66 22 20 88 33 30 69 77 15 93 98 1 0 91 60 86 41 72 96 92 27 14 10 36 26 83 47 5 37 13 4 81 6 76 9 67 57 73 97 34 55
TEST 15 ARG:54 53 70 45 21 33 14 64 50 78 93 71 13 87 37 55 36 58 88 65 72 7 95 0 68 96 49 51 41 79 4 46 98 63 35 29 60 76 27 22 31 30 97 11 8 38 48 81 89 90 75 52 44 73 1 25 24 20 23 32 67 12 28 61 77 18 57 26 6 82 80 99 86 85 92 62 42 91 10 17 84 15 3 59 39 47 16 83 34 5 56 69 94 9 66 40 2 43 19 74
TEST 16 ARG:22 68 29 44 63 80 18 16 5 37 33 20 92 60 21 39 76 64 87 48 53 30 71 45 73 55 51 8 54 59 70 23 89 10 85 9 90 99 32 36 82 79 94 86 2 96 57 3 4 34 14 58 74 56 95 83 13 50 42 61 78 75 41 47 91 1 62 0 72 98 12 43 31 15 77 69 52 81 40 93 49 67 17 26 66 25 24 88 7 84 11 38 19 27 28 97 46 35 6 65
TEST 17 ARG:91 33 60 49 92 72 19 87 69 89 95 7 18 28 15 74 36 43 64 37 32 23 76 44 52 13 46 83 29 77 96 14 31 58 51 12 26 40 78 61 48 84 90 20 88 67 57 38 35 5 9 3 39 82 47 16 70 66 93 99 8 65 94 6 75 1 25 30 17 85 56 81 2 59 97 80 0 55 54 24 98 45 50 68 53 11 71 79 34 63 41 22 62 27 42 4 86 10 73 21
TEST 18 ARG:86 34 90 36 52 21 40 92 0 68 31 98 88 8 83 48 14 44 39 96 79 73 53 74 23 59 4 12 64 60 41 55 32 37 10 30 20 29 87 16 54 49 82 66 38 65 97 2 61 47 5 70 1 19 13 93 50 51 58 99 7 57 45 26 77 95 18 78 91 22 6 67 72 62 71 3 42 15 94 89 69 24 25 28 80 56 43 35 76 75 46 81 84 85 33 63 11 27 17 9
TEST 19 ARG:19 36 54 72 30 65 0 34 31 6 26 41 82 75 35 49 4 98 88 7 52 55 53 47 58 83 86 78 23 27 51 62 56 84 20 15 73 50 28 5 64 48 22 91 63 37 2 1 10 59 92 21 69 17 93 9 97 70 39 96 76 40 89 25 90 79 3 42 67 44 43 18 45 24 38 71 13 66 29 68 60 61 85 14 57 95 12 99 87 8 77 16 32 11 33 94 46 80 74 81
TEST 20 ARG:86 32 87 36 8 70 75 5 16 21 66 48 2 30 61 83 23 27 59 84 68 18 93 95 62 99 89 67 13 25 58 65 3 43 19 56 91 24 55 28 22 44 64 6 98 97 40 37 10 26 0 81 71 78 94 29 1 53 72 73 17 50 7 31 54 79 41 12 82 80 45 9 38 47 15 63 33 14 51 39 20 74 90 85 96 76 88 60 42 69 77 4 34 52 49 11 92 57 35 46
TEST 21 ARG:83 1 32 81 76 13 65 90 52 38 54 37 94 82 75 61 95 66 26 18 60 6 98 68 17 4 21 12 15 69 25 42 8 7 43 63 67 85 3 30 0 45 58 93 24 35 71 86 16 10 19 31 72 47 14 79 92 77 53 51 96 70 50 80 40 29 2 46 59 56 27 9 84 44 23 48 57 78 73 62 33 89 36 97 99 5 88 39 11 49 22 87 74 34 91 55 41 20 64 28
TEST 22 ARG:15 3 8 24 44 22 7 35 94 82 32 57 70 81 71 2 66 23 79 5 96 72 76 18 98 10 62 92 4 30 52 64 69 0 27 37 51 74 43 13 53 48 41 91 68 65 84 40 99 26 6 73 45 33 86 97 95 85 90 46 83 49 11 89 61 87 34 58 77 75 67 47 56 38 28 1 39 21 29 80 25 54 31 16 42 17 78 93 50 63 59 88 60 36 12 55 9 19 20 14
TEST 23 ARG:49 16 35 37 5 91 20 79 66 50 29 48 96 2 98 64 32 25 67 65 88 6 95 36 14 76 12 8 94 84 43 4 24 60 75 3 18 83 9 22 78 61 10 13 0 68 58 44 74 31 39 57 85 77 51 45 81 97 63 92 1 80 19 34 23 99 33 41 73 46 72 62 71 55 89 53 15 30 90 54 47 86 52 26 27 82 40 56 38 59 17 21 69 93 11 28 87 7 42 70
TEST 24 ARG:45 52 34 79 4 31 36 78 11 57 18 0 3 25 65 40 41 95 98 67 90 19 86 12 24 44 70 9 74 69 82 55 14 89 93 62 10 1 17 29 87 84 80 72 68 91 85 43 32 51 30 73 75 33 39 38 35 7 46 48 49 37 26 2 15 99 21 20 6 94 64 16 54 23 66 71 13 28 96 53 56 83 22 27 63 77 58 76 97 59 88 92 42 81 50 47 60 5 8 61
TEST 25 ARG:83 24 64 86 57 38 13 91 58 23 68 82 69 19 56 72 98 15 1 2 52 16 54 12 49 85 81 6 4 93 87 21 71 59 74 51 0 77 41 31 66 45 10 22 44 5 78 25 92 7 30 20 76 11 70 42 89 18 28 33 61 26 27 48 94 3 65 67 63 75 90 80 55 53 46 50 39 36 79 43 37 40 84 96 99 60 47 34 17 73 14 95 8 29 35 9 88 97 32 62
TEST 26 ARG:16 13 79 5 21 81 64 27 88 11 22 42 93 49 26 99 2 1 66 15 44 24 58 75 95 12 47 63 94 68 59 91 23 80 54 45 57 36 39 60 30 82 31 52 73 97 51 96 43 17 3 41 84 72 86 76 40 33 8 18 83 67 89 50 7 10 65 32 4 37 92 87 14 71 35 70 77 9 98 78 46 53 61 62 85 56 0 20 69 34 55 38 90 6 19 28 25 48 29 74
TEST 27 ARG:65 12 6 3 75 53 31 35 47 10 68 34 63 22 28 92 81 54 19 7 90 18 66 30 71 76 73 49 61 33 43 93 1 52 88 60 64 57 99 74 14 17 41 42 69 55 11 56 78 8 72 82 23 39 58 95 25 80 38 98 44 83 87 59 4 26 86 91 77 70 36 97 45 46 79 9 62 32 2 0 89 5 67 84 15 85 21 20 29 27 96 24 50 94 37 16 51 40 48 13
TEST 28 ARG:15 46 67 89 82 4 18 95 98 85 5 92 48 35 13 1 75 60 81 88 38 57 28 96 25 7 43 64 44 84 50 23 17 94 21 61 30 99 27 24 56 77 3 51 59 70 87 9 73 63 20 52 93 8 12 79 97 22 40 78 76 26 0 69 54 47 74 16 80 42 49 53 45 68 2 37 71 65 39 6 72 11 29 36 10 66 31 55 33 58 86 34 91 90 62 14 32 83 41 19
TEST 29 ARG:37 17 0 48 95 82 87 99 41 7 88 85 13 67 44 56 68 64 89 90 8 28 93 98 92 21 45 52 32 43 25 75 35 38 57 34 26 12 65 50 49 79 5 14 47 59 39 77 69 9 80 1 40 29 36 33 66 30 72 10 31 71 76 24 55 91 16 73 19 86 78 63 2 22 94 83 27 84 15 60 42 96 58 4 51 81 74 70 23 53 6 46 54 20 11 97 18 3 61 62
TEST 30 ARG:3 47 83 41 26 10 88 71 37 89 24 22 8 32 85 91 6 12 53 48 4 43 72 33 64 21 65 84 74 80 7 49 70 19 97 54 87 99 42 44 30 96 69 39 75 18 90 66 45 61 58 36 59 40 1 5 27 2 60 20 56 73 57 51 68 78 95 93 13 62 77 25 98 28 11 29 9 14 81 16 46 38 35 17 15 52 76 23 79 94 55 50 31 92 63 82 0 67 86 34
TEST 31 ARG:21 58 20 37 55 28 85 25 72 27 79 29 2 41 8 76 6 99 93 9 52 35 98 63 77 5 57 91 42 74 30 13 68 47 94 88 0 45 61 60 40 14 17 89 43 44 33 51 96 67 86 24 19 26 90 16 75 73 62 3 18 23 36 32 64 48 1 97 66 92 56 78 81 84 31 59 95 4 34 54 10 70 50 82 49 80 12 71 38 69 87 53 65 22 46 15 7 83 11 39
TEST 32 ARG:4 68 47 5 28 76 29 92 42 41 58 33 60 44 61 56 12 74 86 55 7 25 51 49 81 30 78 40 95 3 16 2 17 65 24 46 31 39 89 70 77 97 50 9 34 1 21 69 94 52 0 22 57 66 8 43 59 48 23 87 75 53 73 62 36 82 67 27 80 79 98 19 6 20 85 93 26 45 72 91 83 11 15 10 71 32 64 13 14 37 18 99 96 35 84 38 63 54 88 90
TEST 33 ARG:10 18 17 91 1 51 74 46 75 55 72 68 6 58 71 52 4 44 80 11 60 48 78 21 8 27 76 97 63 15 89 56 23 47 84 20 59 67 88 82 29 62 73 16 77 9 13 66 14 96 45 57 39 5 64 43 36 26 83 25 95 41 92 85 7 38 31 30 61 49 81 87 98 37 32 79 34 28 54 2 3 33 94 65 12 93 24 86 19 50 42 70 90 35 40 22 69 0 99 53
TEST 34 ARG:25 42 81 50 80 95 58 52 98 56 44 66 27 78 36 19 86 77 33 65 6 59 12 63 87 64 82 99 74 17 84 35 75 49 39 90 3 7 69 26 46 28 73 89 54 29 85 88 2 9 55 76 93 16 20 37 5 30 10 62 61 0 47 43 21 94 40 34 23 72 60 22 4 68 92 38 45 1 96 11 48 14 70 97 83 41 15 91 71 13 67 53 24 8 32 79 31 57 18 51
TEST 35 ARG:26 62 46 55 43 9 42 70 25 75 47 81 12 66 34 27 7 60 64 20 76 50 92 13 69 91 48 22 89 1 93 63 37 5 28 10 41 11 35 33 19 82 29 61 6 21 16 65 59 71 68 74 58 54 30 53 80 44 56 72 84 67 45 24 73 40 49 88 51 32 85 17 94 4 78 77 52 83 98 57 2 96 39 15 97 8 3 87 86 95 23 36 0 79 90 31 99 18 14 38
